9
0.000 107.429 189.714 138.286 71.429 20.000 128.000 184.571 97.143
107.429 0.000 50.857 40.571 61.143 153.714 164.000 25.143 112.571
189.714 50.857 0.000 66.286 45.714 81.714 30.286 200.000 158.857
138.286 40.571 66.286 0.000 76.571 86.857 143.429 122.857 133.143
71.429 61.143 45.714 76.571 0.000 102.286 148.571 92.000 174.286
20.000 153.714 81.714 86.857 102.286 0.000 179.429 169.143 194.857
128.000 164.000 30.286 143.429 148.571 179.429 0.000 117.714 35.429
184.571 25.143 200.000 122.857 92.000 169.143 117.714 0.000 56.000
97.143 112.571 158.857 133.143 174.286 194.857 35.429 56.000 0.000
